[ 0.95104039  0.46664543  0.79960516  0.45520592  0.45520812  0.71302138
  0.16835685  0.07766168  0.80619591  0.63435591  0.21484632  0.29882171
  0.53742503  0.61756783  0.20511557  0.53575342  0.86406001  0.24903703
  0.7848599   0.96235256  0.33072085  0.82485763  0.68078392  0.90951348
  0.40059753  0.18599173  0.56937984  0.37105159  0.7580327   0.01517346
  0.6777607   0.23487844  0.70953654  0.64596897  0.62463254  0.99239211
  0.89611728  0.47138547  0.78523049  0.28998469  0.34402341  0.76128415
  0.70922677  0.44787618  0.61593195  0.04969021  0.13803106  0.89393528
  0.49705805  0.2902691   0.8789726   0.61719229  0.37881176  0.02652874
  0.92981031  0.92344376  0.9359434   0.29103711  0.42626176  0.00966493
  0.06475858  0.61379557  0.74582309  1.00362922  0.21767435  0.37647667
  0.00750041  0.86017419  0.68202029  0.9538856   0.97785261  0.8280477
  0.31718864  0.45390345  0.71699631  0.92740358  0.19231646  0.42559356
  0.94256014  0.14488351  0.20425284  0.65127627  0.51159278  0.13417862
  0.93672154  0.96913634  0.64995865  0.24106131  0.33475557  0.25130857
  0.49640506  0.16951843  0.4395777   0.38853917  0.18095287  0.46418667
  0.40006267  0.2965219   0.11201482  0.94238022  0.47553236  0.15218893
  0.52591566  0.4633887   0.33932153  0.17423222  0.41227711  0.22204965
  0.00898326  0.26772277  0.328118    0.59774343  0.31208213  0.75466658
  0.64337889  0.6930993   0.29284139  0.39008326  0.8119057   0.92173423
  0.3814385   0.52497417  0.23715078  0.97576929  0.48868535  0.77057708
  0.90851294  0.38368215  0.27224975  0.094812    0.82051937  0.62031928
  0.30651049  0.09090843  0.06697925  0.22957696  0.98166561  0.83208042
  0.19770807  0.280069    0.93634167  0.90190006  0.18589285  0.31488295
  0.87500502  0.25145311  0.99824143  0.09311287  0.48036119  0.29029803
  0.49190308  0.33039337  0.82165545  0.72260127  0.62781614  0.47402826
  0.3825973   0.98988059  0.09388039  0.86248148  0.09194195  0.5753569
  0.34106819  0.11566641  0.72176285  0.54657966  0.06742081  0.58952928
  0.02272577  0.20195742  0.56746334  0.71845857  0.01230149  0.00747933
  0.69808633  0.14427526  0.32768089  0.09698543  0.18176296  0.49022216
  0.97324993  0.43197569  0.23007138  0.11665805  0.04666216  0.47251317
  0.24809393  0.85502807  0.54294856  0.24025587  0.41868921  0.19107419
  0.40677226  0.32332331  0.88638194  0.48613112  0.15614847  0.63054013
  0.22183281  0.2959212   0.90995528  0.42040929  0.20311221  0.57671652
  0.10887154  0.48708013  0.95247781  0.39313468  0.61105023  0.87876994
  0.39621707  0.50333164  0.76511817  0.89546553  0.76762201  0.47495088
  0.29787706  0.06183538  0.16779727  0.01462287  0.19832103  0.44866544
  0.35386204  0.6881327   0.94143503  0.20540235  0.53622542  0.29114905
  0.876681    0.52452268  0.30122684  0.43836201  0.98441102  0.5754002
  0.30111157  0.81597889  0.15396414  0.97742664  0.42297278  0.07481934
  0.82162662  0.76302576  0.50366653  0.2298105   0.27411685  0.52510292
  0.26718746  0.1980546   0.04380902  0.72649734  0.33170285  0.76695299
  0.89975581  0.84992481  0.88572695  0.19999685  0.26927698  0.50478592
  0.57514691  0.65304849  0.46982916  0.61541107  0.76379721  0.51152618
  0.12539244  0.89538801  0.96692818  0.8194531   0.89630449  0.38939748
  0.61413422  0.05420113  0.2194691   0.80594892  0.23326291  0.12814244
  0.30371631  0.14101803  0.04929855  0.19598286  0.56950487  0.91219037
  0.23032951  0.60877214  0.66928811  0.84717586  0.45647045  0.81315872
  0.0914748   0.50428689  0.46879293  0.74931623  0.04334524  0.47102673
  0.47972374  0.33070908  0.98704724  0.77628287  0.51360336  0.61055232
  0.86816687  0.98218221  0.59507187  0.84839519  0.42443836  0.70174181
  0.76617364  0.93228111  0.82560401  0.63820715  0.59598692  0.27024918
  0.92625646  0.7773285   0.28343864  0.51555424  0.74901148  0.50837686
  0.45706521  0.20682206  0.12773121  0.90952412  0.78989482  0.21540813
  0.8715502   0.74670311  0.21163038  0.01072317  0.34568641  0.56871351
  0.78952113  0.62180776  0.79283628  0.66305187  0.23405921  0.77391372
  0.86139658  0.96436332  0.68583665  0.2295559   0.57570289  0.07410664
  0.56384465  0.61032011  0.00963413  0.56717115  0.8679097   0.32641856
  0.50674108  0.83880849  0.37246126  0.82384383  0.16385529  0.88663831
  0.43069916  0.00373968  0.02086542  0.968887    0.08759916  0.8032876
  0.46414718  0.21597826  0.96172103  0.03645401  0.97235307  0.40779779
  0.26856965  0.80906862  0.3119932   0.09339592  0.93585469  0.18238269
  0.98776599  0.97428572  0.58051537  0.66737893  0.62249425  0.67583196
  0.15614823  0.99575453  0.97943571  0.0298181   0.52869847  0.07978126
  0.90708821  0.07706105  0.80155936  0.07371933  0.78670508  0.07346632
  0.9292446   0.14262303  0.45051222  0.34874636  0.55184536  0.20570738
  0.62364279  0.72649596  0.08093975  0.34867388  0.27066719  0.18396624
  0.72423404  0.04177517  0.75343463  0.35204523  0.99081951  0.277026
  0.2995332   0.9606362   0.21498179  0.72229723  0.25589148  0.91716273
  0.290115    0.85435944  0.80191314  0.88761089  0.84598001  0.48043421
  0.6810049   0.4369943   0.50866323  0.74397691  0.7929477   0.12457673
  0.5412215   0.39184755  0.06607597  0.09834208  0.40016628  0.65025151
  0.5875291   0.28323956  0.07919267  0.33517198  0.30571638  0.65179977
  0.03101243  0.79968559  0.86135597  0.85685022  0.64925492  0.70179146
  0.54692687  0.1374468   0.68264091  0.37974859  0.53206154  0.00367148
  0.47104092  0.00939704  0.06071122  0.52040509  0.79572297  0.31569183
  0.34110071  0.38751285  0.27358644  0.42229023  0.26491317  0.21428764
  0.67932368  0.97562171  0.63703687  0.50060467  0.15424021  0.62766667
  0.35989756  0.6055085   0.56086273  0.66402831  0.70341363  0.85533421
  0.94458277  0.70019645  0.1903074   0.78111462  0.98572894  0.78114022
  0.42154153  0.06219853  0.25914367  0.39529481  0.58279067  0.57720251
  0.05318181  0.65254117  0.37752111  0.54807871  0.4794782   0.62104777
  0.18540446  0.16462038  0.10819756  0.73868565  0.03644455  0.69094103
  0.50412102  0.61995849  0.21047694  0.81927055  0.03799167  0.4812599
  0.31249524  0.52816924  0.53919299  0.65168969  0.61533928  0.22220898
  0.05139512  0.96467162  0.63089785  0.62361866  0.42707053  0.44612137
  0.789819    0.01820561  0.42158211  0.70190071  0.94783167  0.23144079
  0.24711743  0.82941162  0.03091392  0.94056585  0.37138441  0.03873323
  0.15121033  0.17047119  0.23511435  0.92146281  0.28133414  0.77227899
  0.23122648  0.90924845  0.57333595  0.62999823  0.7794726   0.18380415
  0.58095821  0.33293216  0.38833909  0.02996571  0.29229503  0.31928078
  0.68751254  0.40306415  0.85270868  0.19857301  0.97326289  0.73492327
  0.92809782  0.60322183  0.73652032  0.44868949  0.5175577   0.04373779
  0.94817106  0.14161158  0.18901608  0.43448893  0.81360394  0.83692527
  0.00703261  0.36236649  0.34979356  0.61219175  0.24523973  0.41828247
  0.04105047  0.86038016  0.21487781  0.7503746   0.74207371  0.397319
  0.00834521  0.3710243   0.32648545  0.18861275  0.33463298  0.99541153
  0.68789123  0.73900402  0.44580582  0.40807727  0.20673792  0.11353764
  0.21378332  0.03458687  0.43935705  0.90089384  0.78525173  0.69432251
  0.96841873  0.85831132  0.18395657  0.12894395  0.14088602  0.52885252
  0.95316164  0.14042999  0.2969011   0.50431978  0.35419262  0.18418815
  0.06003828  0.78504878 -0.00523235  0.68019328  0.95839371  0.42546231
  0.85866304  0.42468281  0.54122515  0.90869744  0.92402354  0.37838482
  0.57980791  0.65109893  0.63083375  0.36068824  0.20352291  0.03986003
  0.50336615  0.10492991  0.4458686   0.98822098  0.26409986  0.27080867
  0.68114799  0.05032893  0.47166257  0.27807435  0.41581557  0.44569757
  0.79786637  0.60296129  0.24216379  0.17506668  0.50823319  0.70727126
  0.05499552  0.40654673  0.19416235  0.37095687  0.06098996  0.12602947
  0.96114581  0.38249764  0.02170579  0.72695389  0.05855668  0.11825491
  0.10152954  0.63207781  0.90627019  0.12112849  0.06540183  0.14038685
  0.5245579   0.37075575  0.99097697  0.39966008  0.15633981  0.26878312
  0.42629876  0.18303215  0.81216357  0.53086814  0.75750683  0.32608639
  0.29301601  0.55296264  0.78887624  0.78644715  0.8149322   0.08981924
  0.46008752  0.36555311  0.99521151  0.81512011  0.56217749  0.63148899
  0.75333124  0.10323459  0.17084671  0.08630923  0.95104843  0.37937421
  0.26825061  0.36536033  0.3026434   0.98586305  0.81778568  0.991416
  0.9924788   0.8629172   0.52441219  0.61516462  0.93885152  0.6733335
  0.44700541  0.53924177  0.95730392  0.95028676  0.44371001  0.80661795
  0.57675852  0.76023983  0.1809021   0.29432318  0.4750256   0.17784477
  0.26149174  0.22057184  0.63327589  0.17651735  0.30398194  0.5340674
  0.22421304  0.98659729  0.14387899  0.55016782  0.42918731  0.22522336
  0.44895286  0.44913758  0.32690819  0.11327707  0.84101929  0.86315559
  0.22596454  0.60046024  0.5097764   0.09974503  0.1354811   0.64831388
  0.82837376  0.11578003  0.97377553  0.90305325  0.18338501  0.06272736
  0.32193637  0.20136143  0.46525375  0.56835071  0.12235974  0.47373519
  0.71233346  0.99887235  0.36502424  0.02338857  0.05184604  0.31064553
  0.21717909  0.05828114  0.51787843  0.14490172  0.3000466   0.04619393
  0.35993291  0.86197376  0.61728734  0.12643156  0.03610092  0.93940413
  0.7958625   0.00716399  0.14417301  0.90683764  0.21536474  0.64249901
  0.94575851  0.74724897  0.14608085  0.07918777  0.79642818  0.9676325
  0.64550553  0.782932    0.87181494  0.76321067]

[ 1.00334163e-01  6.53396720e-01  9.74956736e-01  3.88512662e-01
  1.66275675e-01  9.34265194e-01  6.45136945e-01  1.13570879e-01
  8.16932324e-01  5.28656745e-01  4.08546506e-01  4.22485812e-01
  5.54868952e-01  3.00545444e-02  4.61121504e-01  6.44686833e-01
  5.76118909e-01  8.22662777e-01  2.93798413e-01  1.65353944e-01
  4.42630950e-01  2.79936768e-01  6.23569437e-01  2.14532502e-02
  8.28626719e-01  4.70866069e-01  5.12395278e-01  3.49989328e-01
  2.97738576e-01  6.90750608e-01  8.86865056e-01  9.71156772e-01
  1.62455713e-01  1.82375711e-01  6.43458694e-01  6.08502721e-01
  7.92672208e-01  3.13544444e-01  6.67509111e-01  4.93159851e-01
  3.41863650e-01  7.03395682e-01  6.81609157e-02  4.78077203e-01
  4.01542063e-01  8.35582366e-01  7.42498742e-01  5.03266942e-01
  3.58813864e-01  1.11584746e-01  3.23391943e-01  3.81608288e-01
  2.62261315e-01  7.03732842e-01  1.14862532e-01  8.57316165e-01
  6.11517255e-01  8.26845017e-01  2.04182348e-02  7.99655320e-01
  3.68472180e-01  8.85534921e-01  9.73924455e-01  3.87420288e-02
  6.56524897e-01  2.08902299e-02  2.50646460e-02  3.43278800e-01
  4.57567649e-01  8.51333109e-01  3.26982920e-01  8.94378722e-01
  6.05234246e-01  6.89955423e-01  8.23703649e-01  7.70867284e-01
  1.14605880e-02  4.75609016e-01  1.64235120e-01  7.89824719e-02
  4.17863122e-01  9.34844602e-01  5.04053105e-01  9.96171007e-01
  5.42372175e-02  3.87160988e-01  5.46071242e-01  3.57161798e-01
  7.51999329e-01  6.74348819e-01  5.11970665e-01  5.10337226e-01
  4.31863398e-01  7.25438121e-01  4.24470195e-01  9.30597553e-01
  5.62872238e-02  7.58071368e-01  9.39548272e-01  1.30303913e-01
  1.70510110e-01  3.03758035e-01  2.46269745e-01  7.82383438e-01
  1.95741233e-01  5.38645634e-01  2.27972611e-01  4.23846573e-01
  6.82590074e-01  9.20404091e-01  5.48523690e-01  9.32178800e-01
  1.55229132e-01  2.73286554e-01  9.73712933e-01  7.49752897e-01
  4.18346595e-02  1.55477458e-01  9.52827193e-01  5.00392222e-02
  5.97490732e-01  5.16402432e-01  7.13663317e-01  3.66807895e-01
  1.57270810e-02  6.42470416e-01  9.86308293e-01  4.19266203e-01
  1.05791501e-01  1.63328221e-01  6.82974369e-01  5.19560127e-01
  9.40696630e-01  9.27479469e-01  6.14822550e-01  7.87679423e-01
  9.42822979e-01  7.67445416e-01  4.68855204e-02  5.87601386e-01
  8.87208603e-01  3.47403558e-01  4.94551726e-01  7.62790068e-01
  4.63621891e-01  5.21211401e-01  5.89096680e-01  9.67777218e-01
  1.40856943e-01  7.35231335e-01  4.65568201e-01  5.48953019e-01
  7.72066500e-01  3.21953513e-01  9.87665192e-01  2.63010577e-01
  5.54804465e-01  9.26439266e-01  8.44683020e-01  9.35758385e-01
  7.76478834e-01  4.26222464e-01  9.43466930e-01  4.40741009e-01
  2.55622444e-01  2.65018751e-01  9.45758978e-01  4.81567900e-01
  3.39555220e-01  8.20784725e-01  5.79901994e-01  7.23929479e-02
  8.11338759e-01  6.39671688e-01  1.30214443e-01  7.12668571e-01
  7.39010881e-02  9.68833979e-01  3.83264047e-01  2.32641755e-01
  9.50717256e-01  7.55157403e-01  3.91686459e-01  3.78670616e-01
  4.91613339e-01  3.52153678e-01  1.86650816e-01  1.46536977e-01
  1.39557209e-01  2.04741301e-01  2.28501430e-01  1.85518093e-01
  9.68545529e-01  4.26883493e-01  4.29660291e-01  5.63172205e-01
  6.02223700e-01  8.41869246e-02  4.84587017e-01  2.35269468e-01
  8.15553439e-01  2.74625324e-01  1.36977711e-01  9.54005077e-01
  3.64066441e-01  6.43785326e-01  7.95149613e-01  5.71507836e-01
  3.11291751e-01  7.89968284e-01  4.21305278e-01  6.85194241e-01
  8.52067511e-03  8.80412139e-01  6.86866180e-01  1.81283540e-01
  2.11892729e-01  9.12764701e-01  1.58163579e-01  7.07737445e-01
  8.88360332e-01  7.15960630e-02  9.61333982e-01  7.21440261e-01
  8.38030418e-01  4.42660985e-01  7.26099284e-02  1.02969858e-01
  2.39623345e-01  8.20065414e-01  8.83369341e-01  9.29569393e-01
  9.54069135e-01  5.25413367e-01  4.40914711e-02  7.47216691e-01
  7.78967568e-01  7.46688207e-01  4.03687981e-01  4.38026735e-01
  5.73910303e-01  4.04943174e-01  5.39879883e-01  2.11821576e-01
  6.88216912e-01  9.42026460e-01  2.36876231e-01  7.76769726e-01
  6.70955735e-01  3.67906225e-01  5.29514768e-01  1.43912677e-01
  9.72027548e-02  8.12854384e-01  2.63713240e-01  8.14444882e-01
  4.70386629e-01  1.35995531e-01  6.33675194e-01  1.94285899e-01
  9.45754946e-01  4.73760215e-01  4.79742072e-02  2.75742801e-01
  8.65308526e-01  4.93961360e-02  8.93077761e-01  6.43951766e-01
  7.45090946e-01  1.21651645e-01  5.28800274e-01  2.62109162e-01
  3.46898075e-01  6.79996839e-01  8.77798162e-02  9.55663403e-01
  2.31633159e-01  4.31942141e-01  9.46672254e-01  7.79084327e-01
  9.54004084e-01  8.35330774e-01  9.95350185e-01  6.27959662e-01
  1.68294572e-01  3.93572228e-01  4.07929256e-01  4.49117438e-01
  4.19942502e-01  4.28957149e-01  5.46499917e-01  2.09150086e-01
  3.25116869e-01  1.34826430e-01  2.34856537e-01  3.02354182e-01
  1.96761822e-01  8.83252220e-01  9.77602066e-01  3.64671662e-01
  5.90192552e-01  2.43240408e-01  6.51531912e-01  6.18508304e-01
  7.64132321e-01  8.75188766e-02  6.18595629e-01  7.20166987e-01
  1.92565286e-01  4.98495810e-01  4.86361192e-01  5.73495615e-02
  8.09221603e-01  5.45667140e-01  7.50679370e-01  7.38097543e-01
  6.07344818e-01  9.78142189e-01  4.13951816e-01  9.19760201e-01
  8.12991294e-01  7.67557950e-01  4.63479304e-01  3.88449978e-01
  2.39018875e-01  6.52818909e-01  7.65921210e-01  8.78594249e-01
  3.41915766e-02  9.54603716e-01  5.50806785e-01  6.84883581e-01
  6.37051105e-01  7.09802711e-01  6.89754650e-01  5.83647120e-01
  8.99557809e-01  1.85614230e-01  1.47507342e-01  3.16066144e-01
  6.21955023e-01  5.14201691e-01  7.36202237e-01  7.52925699e-01
  9.24738214e-01  5.95899750e-01  4.93209180e-01  2.02861940e-01
  4.96249310e-01  2.72657403e-01  8.32540674e-01  2.17262321e-01
  4.54103002e-01  7.45900545e-01  7.19861465e-01  1.69269589e-02
  7.29942925e-01  6.74368763e-01  5.74513708e-01  1.64295434e-01
  8.50431098e-02  9.08839541e-01  8.47597759e-01  7.20052398e-01
  2.22411833e-01  1.45067018e-01  2.09406230e-01  4.91029858e-01
  7.06714680e-01  6.42306223e-01  6.31462016e-01  3.72494427e-01
  7.87319349e-01  9.79766767e-01  3.19785169e-02  3.64469002e-01
  5.51488309e-01  3.48842847e-02  8.21952599e-01  3.89128949e-01
  4.80792497e-01  5.71023358e-01  4.89888269e-01  7.00592570e-01
  8.81137341e-01  7.57121863e-01  4.49690348e-01  4.86799543e-02
  1.01282831e-01 -1.13099497e-03  3.99232166e-01  2.98523124e-01
  6.89688780e-01  1.29074676e-01  6.51447695e-01  8.57485484e-01
  8.85886945e-02  2.33437795e-01  3.09033076e-01  1.13787290e-01
  6.71488894e-01  5.25441210e-01  2.82126220e-01  8.71129121e-01
  7.10500460e-01  3.98557014e-01  9.67256845e-01  2.31847438e-01
  5.48058649e-01  1.29686884e-02  5.78038890e-01  4.41682983e-01
  7.84373385e-01  1.93858296e-01  9.02806639e-01  3.23718620e-01
  6.84525927e-01  7.77944279e-01  6.97594715e-01  5.25130068e-01
  5.00317130e-01  2.27289522e-02  7.74279440e-01  1.96984798e-01
  4.18447861e-01  7.89302249e-01  5.56580452e-02  7.79006826e-01
  2.69712376e-01  9.45898812e-01  9.62343095e-01  3.32987327e-01
  7.97673425e-01  5.17531248e-01  4.67154619e-01  3.01765565e-01
  9.14198729e-01  6.33063452e-01  9.52932292e-01  5.40576688e-01
  5.41734097e-01  4.89654339e-01  4.46624396e-02  3.47534942e-01
  5.26738455e-01  8.06269068e-01  3.32694653e-01  4.28307883e-01
  3.32113277e-02  2.42609058e-01  2.66707471e-01  7.77730115e-01
  7.96463469e-01  3.60955951e-01  7.24571952e-01  4.93135122e-01
  8.77644608e-01  1.39583289e-01  5.40801878e-02  4.16234553e-01
  4.44038624e-01  4.70118368e-01  6.20977251e-01  3.78761172e-01
  8.60014169e-01  2.06122516e-01  7.25935832e-01  4.10702117e-01
  9.50225717e-01  3.32755782e-01  1.51974649e-01  9.41676919e-01
  3.77944552e-01  5.27477977e-01  2.58307579e-01  8.27979558e-02
  4.95778989e-01  4.75995817e-02  9.45485258e-02  9.41672814e-01
  8.05404510e-01  3.43427081e-01  1.11498166e-01  8.18814786e-01
  8.13188070e-01  2.24693342e-01  3.14384359e-01  9.72401236e-01
  2.97452684e-01  3.07349260e-01  6.71443993e-01  4.72374802e-01
  8.66037909e-01  6.77621447e-01  2.75364234e-01  7.73325198e-01
  3.41781524e-01  8.32276008e-02  5.99544968e-01  5.20572935e-02
  4.50380020e-01  1.12130513e-01  1.95487767e-01  1.97679844e-01
  9.21110650e-02  9.79785516e-01  2.29913341e-02  2.04105595e-01
  6.47519936e-01  7.30919542e-01  1.83488017e-01  9.42017383e-01
  7.18957862e-02  6.78101685e-01  2.05110350e-02  2.38576503e-01
  9.22058087e-01  4.80717112e-01  6.25412656e-01  4.47890296e-01
  6.78648598e-01  4.49691825e-01  8.06321345e-01  4.68461471e-01
  9.76164263e-01  7.37415339e-01  1.57049575e-01  4.65008999e-01
  1.66535105e-02  3.76661577e-01  3.32984403e-02  7.22869925e-01
  3.03756587e-02  1.86497428e-01  4.82951136e-03  1.34199086e-01
  1.10819174e-01  9.51322946e-01  3.21759527e-01  8.73359746e-01
  8.28790800e-02  4.58335458e-01  1.81376186e-01  2.78048231e-02
  8.58233113e-01  7.22309991e-01  2.71646820e-01  4.97840496e-01
  4.97147251e-02  9.01869507e-01  2.88582130e-01  8.84815587e-01
  8.25043670e-01  1.05037644e-01  9.64501769e-01  3.35435761e-02
  6.04331077e-01  5.12404144e-01  4.16385869e-01  2.33512521e-01
 -5.99058501e-04  9.16750438e-01  4.52084900e-01  4.48076117e-01
  1.29849504e-01  1.77809782e-01  8.82614108e-01  5.28701442e-01
  7.36878564e-01  7.68304374e-01  3.91789493e-02  7.31121517e-01
  7.61977072e-01  5.96940778e-01  3.85672359e-01  9.97531191e-01
  2.11462434e-01  6.85939084e-02  6.43384730e-01  5.41534193e-01
  8.65329440e-01  1.67155274e-01  1.69590306e-01  1.42299859e-01
  5.98667612e-01  6.39038446e-01  5.53217062e-02  7.57857979e-01
  2.42826156e-01  4.49903281e-01  4.09731285e-01  4.42307360e-01
  9.53561260e-02  9.28243273e-01  8.93175137e-01  5.57564190e-02
  1.10721157e-01  5.73992394e-01  7.90952963e-01  5.79912442e-01
  7.91038795e-01  6.31873555e-01  5.10802352e-01  8.46615591e-02
  5.41138685e-01  8.21394201e-01  6.63160214e-01  5.32680532e-01
  7.38892624e-01  4.64043680e-01  1.67466452e-01  2.32797252e-01
  4.00319523e-01  6.22426472e-01  7.34803306e-01  8.36349457e-01
  9.48375367e-01  5.38940642e-01  9.91293072e-01  1.90891115e-01
  9.80925467e-01  7.23459132e-02  4.17587671e-01  6.76420313e-01
  9.74786749e-01  5.03581058e-01  2.07241408e-01  4.07970130e-01
  9.90447422e-01  6.09417212e-01  2.37219920e-01  3.36120069e-01
  4.11309667e-01  2.11169024e-01  5.78390619e-02  1.76862419e-01
  1.32537544e-01  3.49231140e-02  5.43595426e-01  6.50005645e-01
  5.96257227e-01  3.43678502e-01  9.53028743e-01  4.36432418e-01
  7.15031094e-01  4.49262091e-01  3.55257952e-01  9.25479980e-01
  6.91826253e-01  1.09869225e-01  7.34796613e-01  4.01394347e-01
  6.40689527e-02  7.45237632e-01  1.19193465e-01  2.18195002e-01
  9.55078269e-02  7.64150964e-01  7.31902291e-01  9.84728047e-01
  3.48482737e-01  6.26884940e-01  1.69663956e-01  2.61468239e-01
  7.21717668e-01  5.11415111e-02  8.02598190e-01  9.39547264e-02
  3.38142701e-02  7.23071259e-03  9.82281240e-01  5.96023644e-01
  4.72212126e-01  5.75293835e-01  1.31889989e-01  1.14721105e-01
  2.80057023e-01  9.91492399e-01  7.13443868e-01  5.46905929e-01
  8.82857302e-02  1.54487979e-01  5.33594148e-01  5.80640969e-02
  8.63173193e-01  1.24382186e-01  3.95045288e-01  2.75277458e-01
  3.14170921e-01  8.30900875e-02  1.68367921e-01  5.01756526e-01
  7.23246653e-01  5.25404835e-01  5.96420301e-01  2.46387792e-01
  2.97924079e-01  8.62243081e-01  9.43690346e-01  7.32017139e-01
  1.17706450e-01  7.95117245e-01  4.14853828e-01  5.80061013e-01
  8.39798211e-01  1.42490284e-01  5.66911073e-01  2.86478627e-01
  1.45869013e-01  4.20656550e-01  8.69944489e-01  7.93109311e-02
  3.16153657e-01  7.84676168e-01  4.14234559e-01  5.68979661e-01
  5.05972823e-01  6.09719956e-01  8.26966936e-01  2.26173498e-01
  6.75580924e-01  3.31404288e-02  3.14743790e-01  9.60430384e-02
  7.16200968e-01  8.79065670e-02  1.33608057e-01  5.66503472e-01
  1.92790693e-01  1.37151014e-01  4.13988236e-01  2.07803295e-01
  9.41005673e-01  4.14270193e-01  1.32002405e-01  3.96689920e-01
  7.66009719e-01  5.74630374e-01  8.58918294e-01  2.03684584e-01
  3.87996970e-01  6.94195780e-01  1.08792632e-01  5.77588454e-03
  9.60123551e-01  7.28953985e-01  1.00330252e+00  9.06839259e-01
  4.11987401e-01  4.68146416e-01  9.30583548e-01  7.14477723e-01
  8.25138871e-02  3.92540709e-01  2.52113989e-01  5.68662452e-01
  5.03606018e-02  5.77676239e-01  5.07577596e-01  6.12338013e-01
  2.57956538e-01  4.48340707e-01  2.96369450e-01  3.41051556e-01
  5.03525313e-01  3.21138763e-01  6.50603212e-01  2.51920393e-01
  4.74308669e-02  6.12468774e-01  9.44331995e-01  3.39572068e-02
  8.70342915e-01  7.22119642e-01  6.94670066e-01  5.82821700e-01
  1.36598396e-01  9.75528993e-01  2.99351093e-01  4.89245319e-01
  5.82563407e-01  8.93723446e-01  3.76371322e-01  2.80864449e-01]

[ 0.03980623  0.92044948  0.16633635  0.70689528  0.3502434   0.33333416
  0.88070409  0.7894038   0.37210244  0.71754594  0.87068754  0.41277729
  0.3529222   0.20831917  0.1193265   0.6903982   0.44215963  0.2392668
  0.95483979  0.59150702  0.36071874  0.34037837  0.88698697  0.55165815
  0.67039619  0.99357146  0.02360977  0.56146315  0.4696134   0.93068178
  0.73512709  0.03640201  0.07041239  0.49743099  0.21760537  0.90824589
  0.33661852  0.2509667   0.85530509  0.74581979  0.61076749  0.31440964
  0.64876232  0.74885243  0.59209908  0.94148331  0.02421963  0.57086907
  0.52930739  0.66985642  0.48480635  0.87119227  0.18864515  0.58257703
  0.148456    0.93107646  0.68895897  0.75133661  0.41131681  0.56237474
  0.24232967  0.21701872  0.78669473  0.73215972  0.04912295  0.23643058
  0.3414787   0.26084188  0.11968068  0.3720843   0.58325142  0.50827687
  0.64671894  0.1922549   0.12969192  0.72800812  0.22355791  0.0902198
  0.14906587  0.51904454  0.139204    0.21272896  0.44942541  0.33925698
  0.85498762  0.82613136  0.02518879  0.53701806  0.91315455  0.81676641
  0.31413436  0.32007445  0.77036699  0.65597831  0.64568585  0.01730953
  0.21942549  0.34825133  0.90134643  0.79042411  0.1680762   0.72432678
  0.91331677  0.83030411  0.26553193  0.95698792  0.9663499   0.11265855
  0.51202435  0.13320431  0.29382194  0.69606851  0.38357607  0.44462008
  0.15877428  0.40137291  0.31826135  0.2082277   0.0715233   0.17377881
  0.84360208  0.22115324  0.54973296  0.46577494  0.96546438  0.67074778
  0.95583373  0.57092782  0.44872787  0.31928219  0.76184282  0.52131138
  0.9268338   0.1059713   0.81505006  0.7621498   0.00305115  0.33636518
  0.45708058  0.14178553  0.78792304  0.73397065  0.55561598  0.83933148
  0.47274558  0.34430179  0.97666442  0.6930978   0.07215749  0.54087524
  0.04232026  0.5709      0.62695612  0.80427548  0.17191591  0.42581569
  0.97733252  0.66277331  0.54896122  0.08258753  0.20901175  0.86051534
  0.52975211  0.51522567  0.87882608  0.80926165  0.16125239  0.4306476
  0.62620464  0.29813769  0.44737648  0.03066454  0.80088659  0.02059525
  0.71102842  0.15923991  0.7474784   0.16929482  0.6538447   0.39798533
  0.81047115  0.48680393  0.34434556  0.37869729  0.06055796  0.714715
  0.88252728  0.10270199  0.6559881   0.78275107  0.34152532  0.84958691
  0.61633831  0.94449251  0.52303744  0.31370333  0.45924058  0.3797198
  0.93477452  0.49461883  0.73477274  0.23108082  0.64555762  0.66650789
  0.25914868  0.82261443  0.77738844  0.014975    0.00799874  0.29236497
  0.30326648  0.27597596  0.07258128  0.14451142  0.61982429  0.51903896
  0.9725602   0.63308949  0.97218441  0.35025832  0.88763077  0.2045048
  0.35361752  0.90455336  0.36119588  0.46282267  0.96554006  0.9414192
  0.91506555  0.12149288  0.0667516   0.83306181  0.38892201  0.93142276
  0.4562804   0.93770042  0.56719875  1.00398098  0.257071    0.34820413
  0.01403323  0.05972153  0.09436129  0.05794803  0.63748067  0.70639668
  0.2915041   0.18958864  0.5822312   0.54991465  0.97130047  0.58710753
  0.42361419  0.25783298  0.6109654   0.57205352  0.50976818  0.71440342
  0.25314443  0.44650696  0.64233109  0.88308755  0.86667766  0.1685951
  0.39082237  0.08326653  0.47463599  0.90967846  0.99251706  0.52956964
  0.96807536  0.09447365  0.06271605  0.15449574  0.27428186  0.14937247
  0.4186969   0.2706294   0.12625138  0.05492834  0.26872747  0.24592223
  0.42350103  0.70914632  0.62870289  0.88331028  0.46477     0.34017677
  0.7471915   0.77066716  0.52807388  0.89926259  0.28579731  0.93347864
  0.99254291  0.46720628  0.56182448  0.87794713  0.4162709   0.98586931
  0.54710248  0.27632998  0.73031082  0.40906987  0.34282398  0.77605851
  0.55506032  0.26567402  0.13135983  0.05469764  0.05908498  0.40827825
  0.48735094  0.62388472  0.30185583  0.78980459  0.09946835  0.43439679
  0.80500088  0.62505359  0.39589159  0.52994486  0.59654688  0.80137375
  0.18370386  0.3762124   0.18005961  1.00134626  0.38749975  0.34312461
  0.95434947  0.58244038  0.97658224  0.49572481  0.55033396  0.92424194
  0.63564911  0.49860408  0.97785123  0.56039557  0.37270999  0.98589423
  0.79898727  0.29170598  0.10418808  0.34186291  0.09210999  0.21045641
  0.55133192  0.07988101  0.38000507  0.69541648  0.82227204  0.84858016
  0.66993855  0.00477159  0.35023271  0.02629318  0.37189721  0.24788781
  0.07827892  0.34629028  0.9485293   0.76423012  0.55476904  0.14758203
  0.71222767  0.54972814  0.59180878  0.6835837   0.71757942  0.32726613
  0.54620028  0.24824265  0.43117834  0.48080479  0.44290651  0.92226644
  0.22866334  0.16508414  0.07631791  0.0035507   0.78616082  0.94122775
  0.28710252  0.25765429  0.84472156  0.21899708  0.84387418  0.50516092
  0.96027098  0.48333322  0.16748925  0.23289319  0.07143218  0.34369762
  0.21370916  0.1723067   0.64898368  0.60935364  0.22390913  0.48565108
  0.38418189  0.81910988  0.29329595  0.26364837  0.33083301  0.43281467
  0.05950113  0.60749913  0.32959319  0.24245617  0.10942273  0.46055138
  0.74906932  0.46620517  0.86188368  0.73171371  0.19338244  0.65109735
  0.28155557  0.4838994   0.73211795  0.27112173  1.00815757  0.78488787
  0.65838452  0.70200888  0.55617275  0.12230332  0.4036543   0.13697995
  0.52123096  0.88227925  0.22853143  0.98972761  0.54981706  0.02008705
  0.18244366  0.80181782  0.08856004  0.00915373  0.48727747  0.2485067
  0.76146785  0.74287486  0.19948006  0.17291558  0.30276379  0.15191945
  0.97333979  0.06884194  0.8813388   0.0209274   0.72606069  0.83664235
  0.95536926  0.92194105  0.68222491  0.31688671  0.49890209  0.33967884
  0.69510558  0.23502876  0.98241361  0.36764297  0.77824866  0.42719575
  0.19740117  0.7531509   0.22478007  0.33416122  0.34974549  0.63743944
  0.84103558  0.24130071  0.54232258  0.47293043  0.59263772  0.54653146
  0.39089808  0.41166589  0.67258951  0.43615303  0.71788052  0.45276254
  0.17605239  0.75731568  0.55397751  0.79928911  0.33477836  0.89811244
  0.97753678  0.59556023  0.30882837  0.76304217  0.46610774  0.49961002
  0.36728019  0.99440925  0.95810146  0.00196072  0.11843861  0.67283945
  0.04238811  0.12449419  0.9914315   0.97483532  0.43944776  0.84805224
  0.82279485  0.20951447  0.9610812   0.53096145  0.61369102  0.03043764
  0.33821113  0.26668729  0.03105504  0.3669257   0.08188995  0.69082075
  0.9621094   0.51697664  0.03452554  0.82768835  0.34917642  0.10953662
  0.44930112  0.53439709  0.71766454  0.20976952  0.28294552  0.82434501
 -0.00123023  0.48615999  0.75454532  0.40271198  0.6967208   0.53762817
  0.54973119  0.04306624  0.71098822  0.06053887  0.74676731  0.07511259
  0.25611356  0.81574869  0.13365264  0.49560127  0.33725865  0.94625067
  0.96397674  0.31786753  0.97411576  0.77550663  0.79232797  0.71800095
  0.30169467  0.36839792  0.78746458  0.42079774  0.46985521  0.31872011
  0.24608621  0.33040258  0.0532396   0.52509471  0.13324838  0.18076258
  0.08446226  0.30825766  0.48848445  0.8917739   0.58688753  0.63650187
  0.61429787  0.2237958   0.13660884  0.27132813  0.6808759   0.0784862
  0.01069524 -0.00217324  0.20147272  0.01439439  0.17975588  0.96304897
  0.35790099  0.02632792  0.4361408   0.78151096  0.90703948  0.90028014
  0.07801518  0.06967621  0.97570793  0.05421756  0.30816916  0.34993981
  0.96771249  0.71508219  0.4937854   0.40150971  0.13141707  0.49325779
  0.98005724  0.7162757   0.96396502  0.29881892  0.65802799  0.98536388
  0.25699779  0.94011922  0.71094074  0.19155808  0.19164368  0.60199083
  0.75960899  0.57371301  0.49617231  0.82587622  0.48025454  0.04225528
  0.86390253  0.81313474  0.37289418  0.45034362  0.5971172   0.4093884
  0.01430021  0.41044173  0.2007391   0.58285325  0.94473445  0.84991241
  0.5870009   0.94459043  0.37012426  0.72186983  0.79387938  0.88975651
  0.76519914  0.79100651  0.57713164  0.5547515   0.61218688  0.50063105
  0.24043879  0.43255869  0.50067506  0.05056407  0.52455645  0.02192409
  0.70769431  0.47338572  0.85033574  0.1609924   0.77198659  0.59246814
  0.71919941  0.65126337  0.17524482  0.23075183  0.59161264  0.09732584
  0.38830309  0.60307427  0.19269079  0.63261255  0.01770082  0.6840958
  0.42334218  0.06195153  0.60881869  0.46501658  0.57749765  0.29837428
  0.38634019  0.90520274  0.49149229  0.88619028  0.10712676  0.92937373
  0.47491514  0.11615924  0.42109693  0.22607738  0.73437904  0.87501195
  0.14138875  0.98739277  0.96820495  0.587873    0.82458202  0.65613665
  0.44500785  0.39069414  0.64936419  0.18632228  0.77921911  0.96787249
  0.11242594  0.92191464  0.89729716  0.44285972  0.79652192  0.48088668
  0.86746688  0.43988018  0.41637197  0.42016438  0.53732276  0.91921856
  0.62929972  0.72595603  0.60429355  0.79058067  0.45496044  0.93473258
  0.36315215  0.98846613  0.64237721  0.18649944  0.09509404  0.7498554
  0.06472587  0.37323013  0.56405112  0.72935572  0.89152194  0.27343847
  0.79304432  0.52194919  0.59774733  0.12275263  0.88874119  0.0109324
  0.88331438  0.18009683  0.60978049  0.6923725   0.00149794  0.22762857
  0.78116489  0.31059521  0.74721709  0.75066098  0.50287625  0.96983295
  0.86007081  0.11942167  0.03390099  0.55382534  0.72252678  0.35949176
  0.88652455  0.83255429  0.58044807  0.32865806  0.84879882  0.84210347
  0.91237571  0.56274449  0.21036916  0.83753574  0.33189619  0.8472486
  0.72609955  0.93255363  0.54135686  0.69211181  0.05263955  0.61111112
  0.30119105  0.56696367  0.74170788  0.34248413  0.31616462  0.20365938
  0.36810675  0.72791196  0.17259239  0.54179304]

[ 6.75526626e-01  8.44564338e-01  9.71519264e-01  1.94924379e-01
  4.17325141e-01  5.09195530e-01  5.97260465e-01  3.60361600e-02
  5.25449792e-01  4.22079878e-02  5.22496765e-01  1.82871600e-01
  1.67221142e-01  7.65387944e-01  4.55028326e-01  2.21719831e-02
  2.50455863e-01  3.85330814e-02  5.88248666e-02  2.38522319e-01
  1.73272571e-01  1.69092463e-01  8.68364344e-01  5.70034739e-01
  2.60772995e-01  4.19732487e-01  5.52297579e-01  5.80747439e-01
  9.45223265e-01  4.28745188e-02  6.84210831e-01  4.39016025e-01
  4.11125764e-02  5.72348437e-01  1.36698304e-01  6.41376367e-01
  7.35969197e-01  1.37921386e-02  4.90988168e-01  1.69331817e-01
  4.82250718e-01  5.81741343e-01  4.14577337e-01  1.15819055e-01
  5.07351785e-01  1.74416900e-01  2.82707331e-02  5.47903605e-01
  3.61557987e-01  4.51175001e-01  7.85473439e-02  6.55739369e-01
  2.54863678e-01  3.97580451e-01  9.74384032e-01  6.79921450e-02
  2.87125449e-01  7.59841468e-01  2.11028784e-01  1.00583296e+00
  6.13818357e-01  9.05439877e-01  1.90353888e-01  2.99695456e-01
  5.65343931e-02  4.31332960e-01  3.43654046e-01  5.34750722e-01
  6.22455670e-01 -1.16389851e-03  1.31757009e-01  7.29752862e-01
  6.26771236e-01  5.05381021e-01  2.44336590e-02  2.05731022e-01
  7.27445400e-01  8.52237303e-01  3.41522629e-01  4.02186141e-01
  1.05877255e-01  1.91442553e-01  7.59946022e-01  9.42179950e-01
  6.97509519e-02  5.74739593e-01  3.21004917e-01  2.46794177e-02
  2.12953697e-01  2.18583335e-01  4.05166977e-01  2.98103292e-01
  9.24889620e-01  1.59564316e-01  4.54850952e-01  2.42453551e-01
  8.23079985e-01  2.73788496e-01  4.64047976e-01  3.82276306e-01
  1.70099560e-01  6.44179579e-02  8.01554697e-02  1.07020555e-02
  5.94280302e-01  9.01443122e-01  3.28813026e-01  6.26219903e-01
  6.67453855e-02  3.45146737e-01  2.00446035e-01  9.51587750e-01
  7.32139122e-01  4.31881948e-01  7.31707931e-01  9.57836129e-01
  6.22718776e-01  3.70484721e-01  1.73182341e-01  8.80150443e-01
  9.04811957e-01  3.00970279e-01  9.16488076e-01  9.18896482e-01
  5.27006145e-02  5.10046864e-01  8.86318255e-01  1.45281052e-01
  9.87759720e-01  1.53085328e-01  3.47570634e-01  7.58604303e-01
  7.69436908e-01  8.98357627e-01  2.34820580e-02  4.27737445e-01
  6.73770302e-01  3.10506267e-01  6.14636902e-01  2.89664988e-01
  2.77968501e-01  6.00180258e-01  9.28752585e-02  5.27536479e-01
  8.92166978e-01  9.89062467e-01  6.23753355e-01  7.12706115e-01
  3.33950473e-01  5.33519036e-02  1.76690910e-01  3.61949407e-01
  1.98012948e-01  4.44543004e-01  7.52155716e-01  6.32942425e-02
  4.78773378e-01  8.40356702e-01  4.47085256e-01  9.10134887e-01
  7.60061081e-02  8.03999918e-01  3.54470599e-01  9.63939005e-01
  5.92210686e-01  6.06585760e-01  9.71296138e-01  5.07916869e-01
  5.74694912e-01  6.82863922e-01  5.07073927e-01  8.62773962e-01
  8.45139150e-01  5.96742400e-01  6.07117334e-01  4.66567212e-01
  8.77116700e-01  2.77144544e-01  2.82466021e-01  8.06301985e-01
  3.21824529e-01  3.85686895e-03  4.98787007e-01  9.82177795e-01
  7.21088728e-02  8.52201479e-01  4.37801825e-01  3.89987429e-01
  2.89973965e-02  5.99114151e-01  1.36649738e-01  1.91385663e-01
  9.75094135e-01  5.82639814e-04  5.49555026e-01  6.52121401e-01
  3.70000147e-01  7.04085887e-01  9.70685291e-01  4.45266624e-01
  2.55427881e-01  9.39442399e-01  8.27987162e-01  3.95831658e-01
  9.31788549e-02  5.24065109e-01  6.43246725e-01  7.52369421e-01
  6.94501158e-01  6.95037080e-01  5.72715697e-01  2.97545348e-01
  3.18988100e-01  8.86043934e-01  4.48040531e-01  8.89649682e-01
  3.02975433e-01  9.64891007e-01  7.17177607e-02  3.98511426e-01
  4.25518953e-01  9.72150099e-01  3.47004235e-01  5.36730101e-01
  6.94309686e-01  1.66228527e-01  8.59663683e-01  3.10246386e-01
  8.90888042e-01  6.15434612e-01  7.04427311e-01  7.22680578e-01
  7.60541606e-01  5.61221084e-01  2.92815428e-01  5.26346947e-01
  1.55875570e-01  9.05915769e-01  1.53602969e-01  1.87990000e-02
  6.31962136e-02  1.43112869e-01  4.81131295e-01  6.78451300e-01
  7.91656517e-02  5.98527712e-01  4.53930429e-01  7.41702544e-02
  3.49813620e-01  4.63214079e-01  8.11578008e-02  6.94016387e-01
  1.49367634e-01  6.35740958e-01  8.69955162e-01  4.26039789e-02
  6.70759127e-01  3.75462249e-01  9.52127630e-01  3.87897129e-01
  3.93933804e-01  3.59645794e-02  6.57598682e-01  2.92645510e-01
  5.76747471e-01  3.39770125e-01  9.73172400e-01  1.66988304e-01
  4.32369735e-01  2.86877689e-01  1.65926101e-01  9.35146449e-01
  9.45652461e-01  8.42326831e-01  8.13974017e-01  5.77359044e-01
  5.57488300e-01  4.95023150e-01  1.62312497e-01  5.36707412e-01
  6.14564816e-01  7.97490140e-01  7.37837242e-01  1.63482185e-01
  7.14690195e-01  4.41501570e-01  6.03280245e-01  2.33591407e-01
  5.57784528e-01  4.24720275e-01  4.12187945e-01  1.73802702e-01
  8.76684061e-02  4.71869578e-01  1.65727578e-01  3.11248616e-01
  4.16858727e-01  8.19946819e-01  5.62917342e-01  3.04345908e-01
  3.54134543e-01  2.25739911e-01  6.61762435e-01  6.83307664e-01
  1.81073233e-01  2.37576408e-01  2.89874246e-01  2.87039693e-01
  6.51074470e-01  1.14505325e-01  1.50256804e-01  3.74484204e-01
  8.58891719e-02  7.35310666e-01  1.07997484e-01  5.00770231e-01
  8.18443449e-01  8.51294760e-01  3.72424797e-01  8.46383053e-02
  3.49753753e-01  2.71504684e-01  4.79897562e-01  1.44297637e-01
  7.75299890e-01  3.06797904e-01  4.10245449e-02  7.69886087e-01
  5.58974459e-02  8.05256979e-01  3.29865572e-01  2.51802513e-01
  2.95161140e-01  3.71574879e-02  8.76728379e-01  9.83026000e-01
  6.46473769e-01  2.58437191e-01  9.61347430e-01  4.78414323e-01
  9.00341180e-01  8.74328348e-01  4.22121492e-01  1.32479576e-01
  2.03112494e-01  8.34334840e-01  2.28016923e-01  5.24733116e-01
  5.20766365e-01  6.55300235e-01  9.39558450e-01  4.44159617e-01
  8.92771875e-01  7.26321207e-01  5.09304143e-01  9.69162675e-02
  7.60179844e-01  7.29215191e-01  1.22575364e-01  6.50229132e-01
  1.71687240e-01  3.84841411e-01  3.15243151e-01  4.12212332e-01
  5.67311996e-01  3.05019906e-01  6.03220889e-01  2.98777524e-01
  5.97451206e-01  4.42581869e-01  7.08253153e-01  2.91327270e-01
  7.56828127e-01  5.55417374e-01  6.81791062e-01  1.63399245e-01
  7.48311916e-01  8.49842734e-01  8.86629565e-01  3.74096997e-01
  2.50025260e-01  1.17979757e-01  2.41103107e-01  8.35456645e-01
  3.20759081e-01  6.10334046e-01  1.21693491e-01  5.32633167e-01
  1.00161252e+00  7.23398237e-01  1.01899784e-01  5.66364810e-01
  2.53270381e-01  4.83805970e-01  1.09952563e-01  6.34356863e-01
  9.29572670e-01  1.82779273e-01  6.98738812e-01  6.32008416e-02
  8.54341700e-01  9.04283626e-01  7.16682708e-02  7.02646813e-01
  5.25426975e-01  6.14222798e-01  4.88207345e-02  6.94312742e-02
  1.61756786e-01  9.20889788e-01  4.44786111e-01  8.02130361e-01
  9.24435469e-01  5.72508006e-01  9.82375284e-01  4.96948341e-01
  7.93689989e-01  5.02437107e-01  5.97816543e-01  6.69195661e-01
  8.74308694e-01  1.10482043e-01  5.42053845e-01  6.60936343e-01
  6.87904317e-01  4.42597113e-01  2.94881048e-01  1.98925035e-01
  4.56946317e-01  7.97704155e-01  7.71444837e-01  9.10405441e-01
  4.18160995e-01  3.82370255e-01  8.93554368e-01  5.54350491e-01
  2.76566695e-01  2.61785696e-02  9.41259065e-02  6.76726563e-01
  5.88256674e-01  5.73732292e-01  6.81015001e-01  7.60093716e-01
  5.66331978e-01  4.91781110e-01  9.92875219e-02  8.09746635e-01
  2.03385978e-01  3.47484886e-01  1.58880775e-01  9.06141160e-01
  7.20721649e-01  3.33867090e-01  4.52810311e-01  1.33613411e-02
  6.07629214e-01  5.33476180e-02  9.26249693e-01  1.38845033e-02
  2.83820743e-01  6.15593054e-01  9.49766855e-01  4.75252714e-02
  6.74670854e-01  5.53446323e-01  4.91326300e-01  3.83551485e-01
  2.39648458e-01 -2.39067780e-03  9.94264149e-01  4.43144405e-01
  1.96897101e-01  3.78679165e-01  7.61713984e-01  8.89429315e-01
  9.47628381e-01  7.17501682e-01  2.05904512e-01  3.32168434e-01
  4.88349342e-01  9.26623618e-01  1.00826839e+00  8.92939611e-01
  8.33313796e-01  5.16134050e-01  7.50728234e-01  3.57981522e-02
  9.95822301e-01  7.44639217e-01  3.37582244e-01  5.32826089e-01
  2.87287853e-02  7.08554433e-01  4.44830680e-01  9.62040973e-01
  9.89069577e-01  9.69559238e-01  9.03129308e-01  1.88463278e-01
  3.23304441e-01  8.23524173e-01  7.46096973e-01  4.48323593e-01
  1.76459187e-01  4.33878205e-01  3.49585713e-02  6.97950632e-01
  6.56424288e-02  1.14381242e-01  9.07852857e-01  8.17480121e-01
  6.40219364e-01  5.92490563e-01  2.33768410e-01  1.27110416e-01
  1.67339121e-01  5.60778818e-01  8.66606452e-01  4.49190215e-01
  2.72213879e-01  1.56483987e-01  3.28086772e-01  9.13124013e-01
  1.88245012e-01  5.11000060e-02  3.83726924e-01  9.09737574e-01
  3.39426462e-01  1.21928588e-01  2.94138461e-01  7.89256309e-01
  9.25460185e-02  6.32392060e-01  7.63751030e-01  3.57439794e-01
  6.98980218e-01  5.51166022e-01  8.57429227e-01  8.23446308e-01
  9.86506409e-01  3.55248944e-01  2.01045513e-01  3.51252205e-01
  7.13534847e-01  1.21937829e-01  1.22520593e-01  4.02755100e-01
  5.99105711e-02  7.28695472e-01  2.08114555e-02  6.72439187e-01
  8.51493229e-01  5.24122716e-01  2.08918177e-01  6.29851895e-01
  1.45314439e-02  4.17151826e-01  3.94816945e-01  6.72275895e-01
  2.55656822e-01  2.85652779e-01  6.93898567e-01  1.64039533e-01
  6.78000605e-01  4.85137551e-01  2.45904248e-02  4.52298717e-02
  2.67376066e-01  5.45638306e-01  6.95567677e-01  4.71922196e-01
  5.10023159e-01  5.01321273e-01  6.02175520e-01  6.65830189e-01
  2.77278208e-01  5.38152152e-01  2.58014772e-01  7.96181389e-02
  2.96452862e-01  3.36124969e-01  3.32245652e-01  2.53201849e-01
  1.05347865e-01  7.13075390e-02  2.05665958e-01  1.86355668e-01
  6.30834902e-01  6.23820601e-01  4.78943961e-01  6.20076462e-01
  7.45503944e-03  2.14762649e-01  5.16440331e-01  1.94325133e-01
  1.29106655e-01  8.80208486e-01  5.09099463e-02  8.94641221e-01
  2.66157588e-01  8.58071478e-01  8.67478470e-01  2.05332844e-01
  7.20309354e-01  9.04306267e-01  1.17294777e-01  9.12405521e-01
  4.40427203e-01  2.20124624e-01  6.34388573e-01  6.21583216e-01
  7.54516920e-01  3.02481954e-01  7.82883766e-01  5.14753915e-01
  9.29052508e-01  2.06614961e-01  6.42240946e-01  9.05698884e-01
  9.10432728e-01  9.40244874e-01  9.91907976e-02  8.57467031e-01
  1.27121154e-01  2.69967356e-01  9.81873276e-01  4.40995811e-01
  5.56345005e-01  9.39799908e-02  1.75421223e-01  1.11449304e-01
  8.05518933e-01  7.78111515e-01  6.57338058e-01  5.04810851e-01
  2.32599052e-02  4.43749680e-01  2.78416107e-01  4.65440904e-01
  3.30871845e-01  1.59954370e-02  7.46185030e-01  7.77160158e-01
  2.50119780e-01  2.42334258e-01  7.82976928e-01  8.35038114e-03
  6.55282439e-01  7.02886910e-01  4.20909301e-01  4.95187674e-01
  1.39973031e-01  9.89710698e-01  1.59971768e-01  7.93034197e-01
  4.89574049e-01  6.35450294e-01  7.93086110e-01  3.53947630e-01
  9.93660713e-01  9.87391992e-01  7.37400066e-01  8.08019852e-01
  9.40542828e-01  4.01560514e-01  4.66255712e-01  7.59777747e-01
  3.54111471e-02  8.06764620e-02  2.89468307e-01  5.07893754e-01
  1.15726372e-01  1.07591737e-01  8.77062252e-01  7.72353255e-01
  8.96933216e-01  2.73739225e-02  2.75392109e-01  4.68832399e-01
  8.78631020e-01  2.76563444e-01  8.05842811e-01  4.29501434e-01
  6.24564632e-01  6.62211389e-01  6.09188109e-01  3.12430054e-01
  1.11013281e-01  7.75993031e-01  5.53984494e-01  8.68902554e-01
  1.94061639e-01  7.07009238e-01  8.14687370e-01  4.33404943e-01
  7.98212793e-01  3.87187482e-01  4.19924580e-01  5.95956764e-01
  5.79397745e-01  5.82393611e-01  5.20093606e-01  5.59173285e-01
  1.10049616e-01  7.21905960e-01  9.34864827e-01  3.38851830e-01
  1.63237772e-01  1.81928443e-01  6.47676190e-01  7.82703758e-02
  8.43334083e-01  4.83707446e-02  4.00176144e-01  6.10281645e-01
  4.10772655e-01  3.66045097e-01  2.64242357e-01  1.67096235e-01
  9.54123841e-01  9.70216676e-01  1.49690948e-01  2.45940291e-01
  2.59479008e-01  7.97048970e-01  2.62032053e-01  9.07123096e-01
  7.26460830e-01  5.35851433e-01  4.99430404e-01  5.97677786e-01
  9.43455276e-01  5.44788391e-01  1.06838970e-01  2.72127985e-01
  1.47444513e-01  9.05975148e-01  7.52692738e-01  7.21429992e-01
  2.83615886e-01  8.32935029e-01  5.37973714e-01  3.68577242e-01
  1.36609816e-02  8.93068129e-04  6.36588249e-01  9.50437706e-01
  6.84097404e-01  8.71873092e-01  4.37873384e-01  1.93568166e-01
  3.51302791e-01  8.14903165e-01  2.81503180e-01  7.42340932e-01
  2.13096752e-01  4.71218795e-01  3.09481746e-02  5.62552520e-01
  6.53883878e-01  6.31550996e-01  5.38059646e-01  5.39994639e-01
  2.76272758e-01  6.46195620e-01  6.55616746e-02  9.15985857e-01
  1.15023345e-01  2.47035976e-01  6.18607624e-01  8.87197705e-01
  3.77993628e-01  5.01659903e-01  4.78898379e-01  8.68303457e-01
  3.66449115e-01  2.51132481e-01  5.48236497e-01  7.65290930e-01
  4.53086485e-01  8.34271613e-01  1.83774807e-01  8.66565499e-01]

[ 4.00664962e-01  7.26345521e-01  4.67266134e-01  9.61945759e-01
  2.29791553e-01  3.14009302e-01  7.80475828e-01  5.07473311e-01
  6.20475542e-01  3.87670751e-01  4.07222058e-01  7.97239501e-01
  6.97083725e-01  7.57664767e-01  6.82674601e-01  1.45256807e-01
  8.54863172e-01  2.63857312e-01  6.00262462e-01  3.25810505e-02
  7.28273530e-01  6.74569156e-01  1.81211443e-01  2.21366599e-01
  9.13184917e-01  9.27392784e-01  7.47379475e-01  1.20961797e-01
  3.55734710e-01  9.30386290e-01  2.40870461e-01  6.32981976e-01
  7.59766505e-01  9.96909234e-02  2.34290974e-02  5.94295342e-01
  8.03576381e-01  5.52449455e-01 -2.24629381e-03  6.69935160e-01
  3.54372793e-01  4.65859111e-01  3.18863962e-01  2.11861689e-02
  5.42168025e-01  4.12809482e-01  9.50454256e-01  8.97711014e-01
  8.24101577e-01  2.01916110e-02  5.83927142e-01  5.76524433e-01
  6.87943032e-01 -1.86874937e-03  6.65338760e-01  1.09048889e-01
  7.86954078e-01  7.58944660e-02  3.93235309e-01  6.32693057e-01
  1.18752206e-01  8.71270683e-01  7.03808773e-01  6.45285012e-01
  4.21130403e-01  7.28628399e-01  2.14974966e-01  3.76440534e-01
  1.27646226e-01  2.39264878e-01  6.45043340e-01  5.33986626e-02
  1.64609220e-01  9.69157234e-01  7.20901876e-01  4.21045462e-01
  5.61622828e-01  7.52852654e-01  5.14359991e-01  6.96692962e-01
  3.37224795e-01  9.50645172e-01  4.49026833e-01  2.93071695e-01
  8.43745138e-01  6.37434158e-01  1.07504764e-02  2.19858395e-01
  8.27518967e-01  1.19985526e-01  8.75648404e-01  9.51222764e-01
  2.39675938e-03  9.48609035e-01  4.67891223e-01  8.01242853e-01
  2.15684354e-02  7.87752828e-01  1.26412440e-01  8.81904731e-01
  6.97709743e-01  4.40761511e-01  6.48058034e-01  4.55504900e-01
  8.77454107e-01  9.83680186e-02  7.05794001e-02  8.15326451e-01
  5.21577937e-01  5.59042905e-01  7.45026815e-01  4.71505652e-01
  5.05380849e-01  8.04704180e-01  1.57635366e-01  4.30820783e-01
  3.38948332e-01  4.28489866e-01  7.15179178e-01  5.84655850e-01
  2.76190009e-01  3.48377604e-01  8.68642312e-01  2.28666680e-01
  4.06520407e-01  8.59023973e-01  7.79710001e-01  6.61358632e-01
  8.08313787e-01  2.82203271e-01  1.41267556e-01  1.07341874e-01
  4.92732048e-01  7.71851659e-01  4.06987343e-02  8.55986507e-01
  5.27659877e-01  9.35704476e-01  8.31258646e-01  8.75217232e-01
  4.33037201e-01  7.06305747e-01  8.38345420e-01  7.59383597e-01
  7.43135653e-01  5.97099426e-02  5.17381100e-01  3.44004195e-01
  7.29516195e-01  8.21691950e-01  4.78093800e-01  5.40130055e-01
  4.51119387e-01  4.95136182e-01  1.99081252e-01  5.28088365e-01
  7.99439565e-01  3.23434217e-01  4.46186189e-01  2.15134830e-01
  7.70883922e-01  2.77341952e-01  3.08549499e-01  5.00414866e-01
  8.31450093e-01  9.98821158e-01  1.43217970e-01  7.91831307e-01
  5.44016389e-01  6.83486809e-01  6.47255910e-01  4.11346848e-01
  9.25441790e-01  3.40931154e-01  6.78854807e-01  8.14511522e-01
  7.96456617e-01  8.51642239e-02  9.03683973e-02  6.59610439e-01
  5.33589305e-01  1.44741139e-01  8.56050558e-01  9.33633129e-01
  5.72115973e-01  5.63981663e-01  3.23699887e-01  1.86282158e-01
  5.23920309e-01  5.42239161e-01  9.13640381e-01  7.67527058e-01
  9.72588004e-01  9.38872231e-01  4.35915559e-01  4.63323353e-01
  1.74130196e-01  4.23536990e-01  8.09810294e-01  1.66885983e-01
  2.57549213e-02  1.05451375e-01  5.37999227e-02  7.66002462e-01
  6.01873800e-01  7.73027793e-02  7.77640871e-02  9.64792690e-01
  8.03444962e-01  2.46492557e-01  3.22746711e-01  5.15190569e-01
  5.96286980e-01  2.78384569e-01  5.11405287e-01  6.04164831e-01
  7.81365529e-01  5.95562515e-01  4.35493799e-01  4.14918958e-01
  8.68611554e-01  5.11140177e-01  4.94448493e-01  9.43952221e-01
  5.43333109e-01  7.55711059e-01  6.62486669e-01  4.61436106e-01
  7.33346704e-01  6.76245270e-01  6.97327390e-02  8.26978737e-01
  4.74900979e-01  8.12400449e-01  6.66649916e-01  1.64025538e-01
  1.16532420e-01  9.55550327e-01  8.38776981e-01  2.47403369e-01
  6.93155196e-01  1.26453915e-02  2.25076916e-01  6.19070170e-01
  5.59163648e-01  9.78687107e-01  9.33842930e-01  6.77976687e-01
  2.52529298e-01  4.24931455e-01  5.91459399e-01  1.12540259e-01
  2.95108627e-01  6.64848846e-01  1.04813013e-01  9.34140319e-01
  2.54572476e-01  4.28956236e-01  5.32997546e-01  9.53080947e-01
  3.08556987e-01  7.47576463e-01  2.50015150e-02  8.47099350e-01
 -8.64355027e-03  7.78266293e-01  6.34714223e-01  5.47359983e-01
  5.88278361e-01  7.03992832e-01  9.30753742e-01  5.74138358e-01
  5.27006459e-01  2.16840025e-01  6.55413465e-02  1.18613633e-01
  3.39228232e-01  3.75706981e-01  7.93954787e-01  4.27138705e-01
  2.59101504e-01  7.99879398e-01  4.87216624e-02  1.42050900e-01
  7.99265447e-01  8.53965029e-01  6.82756880e-01  2.83922562e-01
  9.24172258e-01  1.88963650e-01  7.60821350e-01  5.67956176e-01
  5.93123082e-01  3.50497011e-01  3.69011822e-01  2.04394929e-03
  7.61844375e-01  1.80755802e-01  9.92312379e-01  5.63908138e-01
  5.55453925e-01  3.22019404e-01  8.88534983e-01  6.80883707e-01
  9.20452400e-01  6.19540739e-02  2.85621075e-01  2.43506316e-01
  6.51766358e-02  7.79601857e-01  4.18402168e-01  8.48974231e-01
  5.45979750e-02  5.90788793e-01  4.06535495e-01  5.00666657e-01
  1.36002059e-02  1.78059111e-01  4.69704783e-01  8.90636188e-01
  3.16984979e-01  8.79763352e-01  2.78869137e-01  6.95550678e-01
  7.34225041e-02  5.73984817e-02  2.28300229e-01  6.31078896e-02
  1.50707177e-01  4.63530598e-01  3.85694500e-01  9.11821539e-01
  7.58794748e-01  4.81887085e-01  1.89601260e-01  2.93150216e-01
  5.86048640e-01  6.03093286e-01  7.28144289e-01  1.90132747e-01
  4.71670403e-01  3.98843494e-01  8.59814471e-01  4.99091982e-02
  4.83806999e-01  6.35305036e-01  6.01175917e-01  6.20378046e-01
  5.54685006e-01  3.46112076e-01  8.35189552e-02  7.28035288e-01
  8.87900540e-01  7.77327210e-02  6.13679993e-01  3.97821737e-01
  2.63915469e-01  6.49416079e-01  3.72018888e-01  9.89434701e-01
  4.63615831e-02  4.02650364e-01  2.13092641e-03  3.90201494e-02
  3.42044430e-01  4.76323164e-01  6.67231378e-01  1.12491776e-01
  4.63141315e-01  7.73370792e-01  9.98262661e-01  9.64401531e-01
  5.03067602e-01  3.84700799e-02  5.15071704e-01  8.81457514e-01
  7.27494001e-01  4.82765944e-01  4.98571223e-01  7.55543645e-01
  6.92812894e-01  2.71860061e-01  7.36287795e-01  6.99410736e-01
  1.17134927e-01  4.65931126e-01  8.81790278e-01  3.29208593e-01
  8.85324600e-02  3.51055797e-01  8.31904941e-01  9.49436659e-01
  3.94580263e-01  1.66772885e-01  1.23583600e-01  8.98405733e-01
  5.33300373e-01  5.34377820e-01  7.10485222e-01  5.29962899e-01
  7.11226288e-01  6.06041970e-01  1.00226250e+00  1.60014275e-02
  5.06815858e-01  3.81195163e-01  2.15066172e-01  2.43872106e-01
  5.33390653e-01  2.41672580e-01  3.47147997e-01  9.54871361e-01
  2.10663134e-01  9.14568239e-01  5.24862530e-03  2.87932528e-01
  3.73423420e-01  1.07853988e-01  6.57792241e-01  7.11904439e-01
  7.34693597e-01  9.55899095e-01  2.14715736e-01  7.24400622e-02
  8.11650256e-01  2.62191050e-01  6.39764331e-01  3.80287687e-01
  4.27255756e-01  3.06791287e-01  8.64883698e-01  3.96474327e-01
  8.57978069e-01  2.23579278e-01  1.86037026e-02  9.29404167e-01
  8.52379529e-01  5.58947137e-01  4.70458899e-01  8.57634770e-01
  1.83698989e-01  3.12746177e-03  8.30824254e-01 -1.46994977e-03
  8.59371303e-01  4.43368640e-01  9.13998696e-01  4.85099633e-01
  3.25859249e-01  6.67105160e-01  5.70600681e-01  4.79999076e-01
  6.13959187e-01  7.44004929e-01  8.26168961e-01  8.23433227e-01
  1.78835865e-01  5.45491327e-01  9.63879785e-01  2.86105609e-02
  1.22535254e-01  7.17681156e-01  6.96333710e-03  8.83437710e-01
  4.37532510e-01  9.35934015e-01  1.22349638e-01  1.00270209e+00
  9.32449003e-01  1.92602965e-01  8.16728598e-01  7.02563107e-01
  2.68698085e-01  9.29475384e-01  8.54641653e-01  4.75069120e-02
  8.85211405e-01  1.59554813e-01  7.12459025e-01  4.47668238e-01
  1.44686904e-01  5.89332121e-01  6.09817492e-03  7.85051930e-03
  6.93667059e-01  3.94619862e-01  2.91989375e-01  1.01703082e-02
  1.68522368e-01  8.00878426e-01  5.30805105e-01  3.80937971e-01
  7.76112950e-01  6.62957086e-01  6.22378922e-01  6.03510448e-01
  1.44008010e-01  7.61467594e-01  4.84439568e-01  9.61313005e-01
  4.05507600e-01  1.99432186e-01  9.41334309e-01  4.36158512e-01
  9.05649245e-02  4.29309148e-01  8.61368933e-01  2.20252857e-01
  8.42289917e-01  5.61511222e-01  4.08817751e-01  6.04288444e-01
  6.19784669e-01  2.94521123e-01  2.23785054e-01  2.92213655e-02
  6.51959395e-01  7.73449435e-01  9.46859420e-01  2.14539165e-01
  4.79296938e-01  2.80220917e-01  1.01698187e-01  7.84394549e-01
  3.14948937e-01  3.50321959e-01  2.36272211e-01  5.54742839e-01
  3.36742864e-01  2.36946654e-01  7.26641636e-01  6.24171566e-01
  2.92365183e-01  7.11343125e-01  2.30146733e-01  5.74456997e-01
  5.72698955e-01  4.74420882e-01  1.01202967e-01  4.74413634e-01
  5.87219019e-02  9.57511717e-01  1.81046310e-01  4.23566523e-02
  8.60722579e-01  8.44148354e-02  7.00934120e-01  9.71738626e-01
  5.17458853e-01  7.18616347e-01  1.81487686e-01  9.97342370e-01
  6.11362144e-01  6.82893416e-01  8.14121281e-01  2.24119477e-01
  4.75160782e-01  4.94939043e-01  9.33079187e-01  8.08994370e-01
  3.52881601e-01  7.45571451e-01  7.11258994e-01  7.06353461e-01
  7.66362789e-01  7.80640233e-01  5.05811302e-01  6.14987836e-02
  4.81839790e-01  1.96017809e-01  5.12467732e-01  7.26523377e-01
  6.05831285e-01  6.13548712e-01  6.35005468e-01  4.61306693e-01
  6.53347763e-01  1.49911361e-01  4.30661703e-01  3.63731549e-01
  5.43828232e-01  5.99908897e-01  2.85694383e-01  6.77181356e-01
  7.57543504e-01  9.38797281e-01  5.37213172e-01  3.40150718e-01
  5.42282656e-01  6.10986567e-01  1.43339765e-02  2.00854787e-01
  3.77339311e-01  3.22472390e-01  9.86439990e-01  4.99944802e-01
  6.19584485e-01  1.48314314e-01  1.52716743e-01  8.69947146e-01
  3.53544807e-01  5.12306871e-01  5.00390728e-01  8.08944779e-01
  5.17881850e-01  6.27514189e-01  4.01910634e-02  8.30473203e-01
  6.45602262e-01  1.81302777e-01  4.81435316e-01  5.97946767e-01
  7.31102685e-01  4.19528933e-01  2.02089745e-01  2.52168825e-01
  6.06921968e-02  8.74961886e-01  2.31961641e-02  6.42173799e-02
  7.27145904e-01  4.44344075e-01  7.32805134e-01  9.23662461e-01
  5.21379864e-01  7.26877776e-01  2.51764520e-01  1.89167614e-01
  8.64748357e-01  6.36624976e-01  4.61948922e-01  3.96499115e-01
  4.53586508e-01  4.19129058e-01  1.64048589e-01  8.61809164e-01
  2.91186478e-01  1.72736930e-01  3.88890705e-01  6.57596036e-01
  7.55236437e-01  7.48802443e-01  1.78259715e-01  9.45303540e-01
  6.25241472e-01  4.95565734e-01  9.33730414e-01  4.71142771e-01
  1.35551177e-02  7.50338055e-01  2.92994683e-01  6.99992785e-01
  7.76696045e-01  6.14685027e-01  1.33570496e-01  5.05278780e-01
  8.90177571e-01  9.25303551e-01  8.85420657e-01  4.30821971e-02
  4.90070285e-01  4.30330033e-01  4.52846613e-01  9.01895240e-01
  7.01149969e-01  1.37820229e-01  1.36788007e-04  9.21582320e-01
  9.49202726e-02  2.58440190e-01  8.60957194e-02  3.95025533e-01
  6.27327139e-01  3.26510359e-01  5.88534564e-01  1.42279781e-01
  4.66058180e-01  5.47295892e-01  3.69049805e-01  2.95431572e-01
  8.62410509e-01  5.68636882e-01  1.15933280e-01  6.48349633e-02
  8.70811762e-01  3.32455693e-01  3.75665677e-01  6.06118801e-01
  7.39277360e-01  9.29676013e-01  6.99849490e-01  3.48859240e-01
  6.31104986e-01  3.94329981e-01  5.56576344e-01  3.95767514e-01
  6.01019955e-02  5.82645481e-01  2.95361968e-01  8.75194115e-01
  9.34017655e-01  3.71567205e-01  7.90787630e-01  9.29757809e-01
  9.82254038e-01  7.97027258e-01  2.12361855e-01  5.13129008e-01
  4.46492938e-01  6.48954626e-01  6.49998816e-01  7.66723258e-01
  5.53811273e-01  2.43625023e-01  9.27881112e-01  1.63357724e-01
  4.37709916e-01  8.80888480e-01  9.04967437e-01  3.03375511e-01
  2.54144922e-01  8.40529629e-01  1.62733599e-02  3.34332225e-01
  9.75122384e-01  1.50376591e-01  8.84511176e-01  3.96732827e-01
  6.35387622e-01  9.86451037e-01  7.41665641e-01  7.95825941e-01
  4.19040590e-01  7.88495740e-01  8.37562300e-01  6.51376016e-01
  9.66697871e-01  7.82085686e-01  1.48331227e-02  2.10209810e-01
  7.47787041e-01  3.11373637e-02  3.16071777e-01  3.00518752e-01
  9.18412292e-01  8.65084796e-01  3.30743310e-01  3.01409759e-01
  1.12483843e-01  1.34462627e-01  7.92419483e-01  7.64602128e-02
  3.85538090e-01  4.52031568e-01  2.96799469e-01  2.05952082e-01
  5.89674395e-02  7.45555822e-01  8.75513002e-02  9.40085171e-01
  5.51102508e-01  2.54151094e-01  2.31934981e-01  2.43406230e-01
  9.69992676e-01  9.44235546e-01  9.09494309e-01  1.12497253e-01
  3.20565514e-01  8.34890557e-01  8.11551968e-01  6.97415309e-01
  7.69453201e-01  6.39618505e-01  3.40547750e-01  8.66438882e-02
  7.63636110e-01  3.38674541e-01  5.76388186e-01  5.44227312e-01
  7.80820384e-01  6.77488761e-01  7.88342832e-01  1.74360149e-01]

-----

[-0.3406401   0.10537609 -0.24127901 -0.08043954  0.50531834]

[-0.32309983  0.19440649 -0.02180086  0.13794611  0.24027078]

[0.42943071 0.74549041 0.2697982  0.49682285 0.74036815]

Weights

0.903396746641709

0.9290600376850723

0.9261284435730347

0.4809479952740247

0.9011264262772128

